812734
614659
-994374
506223
396259
296629
-268168
97527
32302
818410
522810
-900707
-947272
-764278
600531
-705354
95378
-105152
-361748
-68754
281802
-220083
-530728
184500
913933
-21624
306054
340166
257638
61430
410767
539860
531109
-253950
947184
394579
240986
94937
-309551
-172959
540673
674148
-750717
-684592
-422984
205667
-23031
-231598
44330
751139
-185139
112831
-221168
177756
-331660
-743163
-421170
301097
-253493
-78804
-874823
514340
182112
507652
481016
565917
229166
-34450
-809208
170359
-402448
-217019
-353319
-50784
-132330
-860185
432662
-346453
-45227
204003
216578
-536308
-436647
529857
-480643
-258449
109590
406888
588455
-190923
-468676
-529744
-74597
326540
210249
-60283
697948
-666583
-304200
-85836
-14130
-235099
-424361
728533
-193957
169841
892982
-861739
-854090
200056
590651
94879
-804676
-891952
328019
473063
-671242
-849509
-376637
-688749
293947
-654336
-86500
-949178
-841997
-158910
-598835
906506
321270
580730
-288558
120472
532754
-371083
798475
183495
566828
32044
-31449
-446960
-487042
-589092
991679
140218
654590
294594
-763905
-647642
729695
-424843
604799
386617
-878288
-444193
-376400
-240415
444067
-487975
-433807
764614
-126487
-983710
833473
-365809
20536
-71044
-855537
537934
-274194
-476252
-44754
-837623
533199
389356
51300
840294
-693014
599478
552098
-640910
544795
-377073
-829747
-489074
37673
846501
441786
610294
-251249
-991385
-990407
-64657
-491688
-372040
-679992
-193651
125347
-428465
-224791
558110
954311
548014
-94578
235191
95119
85820
-225104
988376
-112730
222977
256126
146238
785550
-331650
-439245
-861498
737482
-502745
-990848
-648839
-34148
-314370
798633
189112
-449431
819149
443180
-402811
-242504
-478848
-651621
418923
-946343
181660
-369269
-29812
509474
-279456
-553819
572101
651861
976887
978521
490367
-725091
466902
-432973
-769131
-48329
-403016
71110
-911523
-615890
-609612
-542012
-560811
-27458
130423
-846416
-230548
-841510
50596
-909654
63210
-254518
-597691
-328983
-936964
344172
472428
-714936
-43040
365082
-49686
894967
-224727
876204
-911701
-183982
516144
-908780
-98004
-392754
72727
678952
374171
-555249
975867
227581
-293366
-547816
486838
180974
952783
666650
-847027
575292
-581894
-175635
-791171
557391
-980749
175260
642781
899483
373680
461594
202672
-864354
747665
-502765
15049
459013
200280
-737570
512923
236911
638536
47758
824412
-431159
735065
727848
-783914
-852520
266644
781423
347466
-681771
-468719
110938
-849151
350642
-877941
-796505
-410256
-356997
-642659
274056
-724473
982104
-109156
-631172
-6378
736302
982416
-237511
233308
-59930
-64945
-965179
-521938
562117
-887240
-746716
419777
473850
350089
-7124
-473964
-887497
-944674
879732
377212
-614537
-488121
301163
-170035
167389
-786044
635781
-671454
356797
-757025
883343
-948278
-383180
167846
82084
325583
832241
618180
724280
722084
-720105
666619
-902447
265322
93499
-434879
68438
-916897
964232
831412
-330752
200292
301826
657082
-786067
-449495
187111
622777
-135341
-472457
-648783
-19600
11473
769049
-735047
170480
48097
610792
-238474
-783045
288106
-970894
558690
-11785
778738
-489786
809853
728271
-254735
-28321
529003
-365081
890945
-999637
-14280
996601
155569
363830
-736836
541201
563640
850552
725914
-3359
-428986
421559
274402
921538
826038
645786
-611754
-689208
-873504
685772
-644150
-596864
-732212
305353
998692
205897
579457
-599224
846595
959180
-380549
917445
687485
-978919
-890182
-205014
248320
-754337
956791
-978535
650073
-773688
-66318
222681
-967341
329839
-707098
-558758
-830728
673151
728734
-698650
-503309
587753
-718431
-112793
656917
-94399
-86775
-784049
639862
427702
787314
641959
856628
-794580
-85363
243640
993623
-265736
960340
-992816
-341547
-420553
237144
-717903
-348624
633931
678582
404124
675005
104819
-779992
531317
644993
-326650
959799
573587
-682444
-414516
701839
580902
-204313
-350983
551915
-281019
-172607
-465465
157999
-288108
-589211
840495
-615404
-728945
730992
966467
745981
-623243
655390
257067
708201
-753581
464524
-235974
-958334
-562389
343704
-289748
-332334
582850
-237852
-580738
-443371
-788605
344698
314474
354345
-146797
351625
102526
-471007
39666
-367666
512472
452602
-213942
-148594
835456
-495144
819391
-511390
594755
-620044
711622
-108186
88495
292798
-106533
-609618
-137804
320231
-786166
-284309
98719
328473
-540462
-359460
-136976
374660
-246544
-47771
-855958
454918
-341578
483144
-746550
-195722
-958700
447234
726804
-519026
-687688
-331708
754696
-951438
872658
-704116
44852
-979103
7024
-223008
567971
-708617
-188535
-204249
77875
425628
-237419
570404
543876
508941
611161
20880
-540787
-983035
486977
458834
192200
738951
775141
-500771
-196979
-12853
923950
-254042
-299139
-439229
268818
98881
243221
918600
-469638
-641769
-763294
162918
819141
220358
318419
624449
-158490
-228971
-466518
971682
511785
-255598
-71283
-109022
795923
-686773
374457
-615439
-933018
585253
-863274
-204093
-400701
-106788
-86939
357977
-486038
-336617
721621
111271
390686
-637401
896053
933799
-458076
-405924
-118779
-835654
-762135
3972
269605
-148810
-732477
-232191
-619665
-386288
657744
250630
824032
-266841
-127365
69486
-819727
-485333
22429
294328
-532220
-562136
405951
-957021
221690
-161613
-388866
-921886
714977
-7889
682631
137596
536395
775100
-807486
-290108
-706118
-766402
819340
-136721
137015
157701
-808292
974679
-717567
226846
-418169
600139
-792605
436661
-877474
668944
259998
-223195
794357
-167943
418310
-108002
970559
-50274
178473
191474
-176939
-549316
-998871
536316
-332139
966825
459051
-334803
20583
-12942
-242712
-111435
797467
-624621
325089
-524342
891246
233554
-785873
429591
531372
457656
-212104
-892476
-800913
-778451
122622
950046
311813
-384977
-739375
-448796
706031
-439762
-28123
-413011
839558
-305144
-822466
324600
-408519
347804
652679
869842
-91919
-425587
-555069
-588386
-199787
-932843
-318757
865412
-520663
-391421
111445
-820615
601617
871635
232934
964582
44148
718184
-178530
-572936
-136132
478952
-561983
-30845
734137
750900
590902
130195
-431899
424450
-290535
-324591
-322750
717722
-318357
-961009
-594464
31913
-288919
-314064
191867
223045
439290
308535
-78272
957694
528193
-973398
196016
-854115
805971
-948958
531358
728956
273538
-423630
-663854
-860927
427864
-89742
-175920
-233415
-598113
418599
-232270
897421
-43363
-510064
884402
-740957
123998
-490416
175428
155091
824105
-7565
536032
680388
372884
-197858
-370723
-893149
-235084
829144
-931335
-591233
561132
-469393
972021
-659900
554214
-877176
-462243
711635
-188384
-194745
139366
984506
600862
709015
760048
475413
412862
775830
487594
437376
-62808
-218464
-805420
850871
-800925
863223
-581728
-366643
-723963
589964
603314
-520059
-707581
435052
-57
560081
-141530
-878134
-588047
-402843
138655
919845
258432
-474506
71985
992149
322813
-961388
-375540
963512
-587056
857121
82362
731699
-667903
-674323
834482
655463
906651
311920
458123
-892366
84012
-690398
218826
153439
-190870
98299
345820
907819
642928
-240894
-234337
68213
-529883
788
864410
-878207
-84291
692
-835635
-506008
188505
-321399
-809052
81056
326346
712952
-777851
393252
-718093
50398
97928
510144
233420
465386
-339642
465275
288643
-136682
953290
973472
772797
959808
-415195
-679317
726906
826857
92318
-643507
728214
-639351
-85754
-520740
-897685
-935284
572456
-976037
-783468
-555283
437087
-571935
-623283
-925714
-744381
994728
-701706
537329
850555
-301452
-623306
